0.000000,0.035640
0.083333,0.035640
0.166667,0.035640
0.250000,0.035640
0.333333,0.035640
0.416667,0.035640
0.500000,0.035640
0.583333,0.035640
0.666667,0.035640
0.750000,0.035640
0.833333,0.035640
0.916667,0.035640
1.000000,0.036300
1.083333,0.036300
1.166667,0.036300
1.250000,0.036300
1.333333,0.036300
1.416667,0.036300
1.500000,0.036300
1.583333,0.036300
1.666667,0.036300
1.750000,0.036300
1.833333,0.036300
1.916667,0.036300
2.000000,0.034060
2.083333,0.034060
2.166667,0.034060
2.250000,0.034060
2.333333,0.034060
2.416667,0.034060
2.500000,0.034060
2.583333,0.034060
2.666667,0.034060
2.750000,0.034060
2.833333,0.034060
2.916667,0.034060
3.000000,0.032380
3.083333,0.032380
3.166667,0.032380
3.250000,0.032380
3.333333,0.032380
3.416667,0.032380
3.500000,0.032380
3.583333,0.032380
3.666667,0.032380
3.750000,0.032380
3.833333,0.032380
3.916667,0.032380
4.000000,0.029410
4.083333,0.029410
4.166667,0.029410
4.250000,0.029410
4.333333,0.029410
4.416667,0.029410
4.500000,0.029410
4.583333,0.029410
4.666667,0.029410
4.750000,0.029410
4.833333,0.029410
4.916667,0.029410
5.000000,0.027710
5.083333,0.027710
5.166667,0.027710
5.250000,0.027710
5.333333,0.027710
5.416667,0.027710
5.500000,0.027710
5.583333,0.027710
5.666667,0.027710
5.750000,0.027710
5.833333,0.027710
5.916667,0.027710
6.000000,0.024510
6.083333,0.024510
6.166667,0.024510
6.250000,0.024510
6.333333,0.024510
6.416667,0.024510
6.500000,0.024510
6.583333,0.024510
6.666667,0.024510
6.750000,0.024510
6.833333,0.024510
6.916667,0.024510
7.000000,0.019420
7.083333,0.019420
7.166667,0.019420
7.250000,0.019420
7.333333,0.019420
7.416667,0.019420
7.500000,0.019420
7.583333,0.019420
7.666667,0.019420
7.750000,0.019420
7.833333,0.019420
7.916667,0.019420
8.000000,0.019080
8.083333,0.019080
8.166667,0.019080
8.250000,0.019080
8.333333,0.019080
8.416667,0.019080
8.500000,0.019080
8.583333,0.019080
8.666667,0.019080
8.750000,0.019080
8.833333,0.019080
8.916667,0.019080
9.000000,0.018960
9.083333,0.018960
9.166667,0.018960
9.250000,0.018960
9.333333,0.018960
9.416667,0.018960
9.500000,0.018960
9.583333,0.018960
9.666667,0.018960
9.750000,0.018960
9.833333,0.018960
9.916667,0.018960
10.000000,0.019000
10.083333,0.019000
10.166667,0.019000
10.250000,0.019000
10.333333,0.019000
10.416667,0.019000
10.500000,0.019000
10.583333,0.019000
10.666667,0.019000
10.750000,0.019000
10.833333,0.019000
10.916667,0.019000
11.000000,0.020380
11.083333,0.020380
11.166667,0.020380
11.250000,0.020380
11.333333,0.020380
11.416667,0.020380
11.500000,0.020380
11.583333,0.020380
11.666667,0.020380
11.750000,0.020380
11.833333,0.020380
11.916667,0.020380
12.000000,0.026170
12.083333,0.026170
12.166667,0.026170
12.250000,0.026170
12.333333,0.026170
12.416667,0.026170
12.500000,0.026170
12.583333,0.026170
12.666667,0.026170
12.750000,0.026170
12.833333,0.026170
12.916667,0.026170
13.000000,0.028660
13.083333,0.028660
13.166667,0.028660
13.250000,0.028660
13.333333,0.028660
13.416667,0.028660
13.500000,0.028660
13.583333,0.028660
13.666667,0.028660
13.750000,0.028660
13.833333,0.028660
13.916667,0.028660
14.000000,0.029370
14.083333,0.029370
14.166667,0.029370
14.250000,0.029370
14.333333,0.029370
14.416667,0.029370
14.500000,0.029370
14.583333,0.029370
14.666667,0.029370
14.750000,0.029370
14.833333,0.029370
14.916667,0.029370
15.000000,0.031530
15.083333,0.031530
15.166667,0.031530
15.250000,0.031530
15.333333,0.031530
15.416667,0.031530
15.500000,0.031530
15.583333,0.031530
15.666667,0.031530
15.750000,0.031530
15.833333,0.031530
15.916667,0.031530
16.000000,0.034040
16.083333,0.034040
16.166667,0.034040
16.250000,0.034040
16.333333,0.034040
16.416667,0.034040
16.500000,0.034040
16.583333,0.034040
16.666667,0.034040
16.750000,0.034040
16.833333,0.034040
16.916667,0.034040
17.000000,0.036300
17.083333,0.036300
17.166667,0.036300
17.250000,0.036300
17.333333,0.036300
17.416667,0.036300
17.500000,0.036300
17.583333,0.036300
17.666667,0.036300
17.750000,0.036300
17.833333,0.036300
17.916667,0.036300
18.000000,0.036300
18.083333,0.036300
18.166667,0.036300
18.250000,0.036300
18.333333,0.036300
18.416667,0.036300
18.500000,0.036300
18.583333,0.036300
18.666667,0.036300
18.750000,0.036300
18.833333,0.036300
18.916667,0.036300
19.000000,0.035460
19.083333,0.035460
19.166667,0.035460
19.250000,0.035460
19.333333,0.035460
19.416667,0.035460
19.500000,0.035460
19.583333,0.035460
19.666667,0.035460
19.750000,0.035460
19.833333,0.035460
19.916667,0.035460
20.000000,0.035590
20.083333,0.035590
20.166667,0.035590
20.250000,0.035590
20.333333,0.035590
20.416667,0.035590
20.500000,0.035590
20.583333,0.035590
20.666667,0.035590
20.750000,0.035590
20.833333,0.035590
20.916667,0.035590
21.000000,0.037550
21.083333,0.037550
21.166667,0.037550
21.250000,0.037550
21.333333,0.037550
21.416667,0.037550
21.500000,0.037550
21.583333,0.037550
21.666667,0.037550
21.750000,0.037550
21.833333,0.037550
21.916667,0.037550
22.000000,0.036880
22.083333,0.036880
22.166667,0.036880
22.250000,0.036880
22.333333,0.036880
22.416667,0.036880
22.500000,0.036880
22.583333,0.036880
22.666667,0.036880
22.750000,0.036880
22.833333,0.036880
22.916667,0.036880
23.000000,0.036880
23.083333,0.036880
23.166667,0.036880
23.250000,0.036880
23.333333,0.036880
23.416667,0.036880
23.500000,0.036880
23.583333,0.036880
23.666667,0.036880
23.750000,0.036880
23.833333,0.036880
23.916667,0.036880
