0.000000 0.200000
0.001000 0.200250
0.002000 0.200500
0.003000 0.200750
0.004000 0.201000
0.005000 0.201250
0.006000 0.201500
0.007000 0.201750
0.008000 0.202000
0.009000 0.202250
0.010000 0.202500
0.011000 0.202750
0.012000 0.203000
0.013000 0.203250
0.014000 0.203500
0.015000 0.203750
0.016000 0.204000
0.017000 0.204250
0.018000 0.204500
0.019000 0.204750
0.020000 0.205000
0.021000 0.205250
0.022000 0.205500
0.023000 0.205750
0.024000 0.206000
0.025000 0.206250
0.026000 0.206500
0.027000 0.206750
0.028000 0.207000
0.029000 0.207250
0.030000 0.207500
0.031000 0.207750
0.032000 0.208000
0.033000 0.208250
0.034000 0.208500
0.035000 0.208750
0.036000 0.209000
0.037000 0.209250
0.038000 0.209500
0.039000 0.209750
0.040000 0.210000
0.041000 0.210250
0.042000 0.210500
0.043000 0.210750
0.044000 0.211000
0.045000 0.211250
0.046000 0.211500
0.047000 0.211750
0.048000 0.212000
0.049000 0.212250
0.050000 0.212500
0.051000 0.212750
0.052000 0.213000
0.053000 0.213250
0.054000 0.213500
0.055000 0.213750
0.056000 0.214000
0.057000 0.214250
0.058000 0.214500
0.059000 0.214750
0.060000 0.215000
0.061000 0.215250
0.062000 0.215500
0.063000 0.215750
0.064000 0.216000
0.065000 0.216250
0.066000 0.216500
0.067000 0.216750
0.068000 0.217000
0.069000 0.217250
0.070000 0.217500
0.071000 0.217750
0.072000 0.218000
0.073000 0.218250
0.074000 0.218500
0.075000 0.218750
0.076000 0.219000
0.077000 0.219250
0.078000 0.219500
0.079000 0.219750
0.080000 0.220000
0.081000 0.220250
0.082000 0.220500
0.083000 0.220750
0.084000 0.221000
0.085000 0.221250
0.086000 0.221500
0.087000 0.221750
0.088000 0.222000
0.089000 0.222250
0.090000 0.222500
0.091000 0.222750
0.092000 0.223000
0.093000 0.223250
0.094000 0.223500
0.095000 0.223750
0.096000 0.224000
0.097000 0.224250
0.098000 0.224500
0.099000 0.224750
0.100000 0.225000
0.101000 0.225250
0.102000 0.225500
0.103000 0.225750
0.104000 0.226000
0.105000 0.226250
0.106000 0.226500
0.107000 0.226750
0.108000 0.227000
0.109000 0.227250
0.110000 0.227500
0.111000 0.227750
0.112000 0.228000
0.113000 0.228250
0.114000 0.228500
0.115000 0.228750
0.116000 0.229000
0.117000 0.229250
0.118000 0.229500
0.119000 0.229750
0.120000 0.230000
0.121000 0.230250
0.122000 0.230500
0.123000 0.230750
0.124000 0.231000
0.125000 0.231250
0.126000 0.231500
0.127000 0.231750
0.128000 0.232000
0.129000 0.232250
0.130000 0.232500
0.131000 0.232750
0.132000 0.233000
0.133000 0.233250
0.134000 0.233500
0.135000 0.233750
0.136000 0.234000
0.137000 0.234250
0.138000 0.234500
0.139000 0.234750
0.140000 0.235000
0.141000 0.235250
0.142000 0.235500
0.143000 0.235750
0.144000 0.236000
0.145000 0.236250
0.146000 0.236500
0.147000 0.236750
0.148000 0.237000
0.149000 0.237250
0.150000 0.237500
0.151000 0.237750
0.152000 0.238000
0.153000 0.238250
0.154000 0.238500
0.155000 0.238750
0.156000 0.239000
0.157000 0.239250
0.158000 0.239500
0.159000 0.239750
0.160000 0.240000
0.161000 0.240250
0.162000 0.240500
0.163000 0.240750
0.164000 0.241000
0.165000 0.241250
0.166000 0.241500
0.167000 0.241750
0.168000 0.242000
0.169000 0.242250
0.170000 0.242500
0.171000 0.242750
0.172000 0.243000
0.173000 0.243250
0.174000 0.243500
0.175000 0.243750
0.176000 0.244000
0.177000 0.244250
0.178000 0.244500
0.179000 0.244750
0.180000 0.245000
0.181000 0.245250
0.182000 0.245500
0.183000 0.245750
0.184000 0.246000
0.185000 0.246250
0.186000 0.246500
0.187000 0.246750
0.188000 0.247000
0.189000 0.247250
0.190000 0.247500
0.191000 0.247750
0.192000 0.248000
0.193000 0.248250
0.194000 0.248500
0.195000 0.248750
0.196000 0.249000
0.197000 0.249250
0.198000 0.249500
0.199000 0.249750
0.200000 0.250000
0.201000 0.250250
0.202000 0.250500
0.203000 0.250750
0.204000 0.251000
0.205000 0.251250
0.206000 0.251500
0.207000 0.251750
0.208000 0.252000
0.209000 0.252250
0.210000 0.252500
0.211000 0.252750
0.212000 0.253000
0.213000 0.253250
0.214000 0.253500
0.215000 0.253750
0.216000 0.254000
0.217000 0.254250
0.218000 0.254500
0.219000 0.254750
0.220000 0.255000
0.221000 0.255250
0.222000 0.255500
0.223000 0.255750
0.224000 0.256000
0.225000 0.256250
0.226000 0.256500
0.227000 0.256750
0.228000 0.257000
0.229000 0.257250
0.230000 0.257500
0.231000 0.257750
0.232000 0.258000
0.233000 0.258250
0.234000 0.258500
0.235000 0.258750
0.236000 0.259000
0.237000 0.259250
0.238000 0.259500
0.239000 0.259750
0.240000 0.260000
0.241000 0.260250
0.242000 0.260500
0.243000 0.260750
0.244000 0.261000
0.245000 0.261250
0.246000 0.261500
0.247000 0.261750
0.248000 0.262000
0.249000 0.262250
0.250000 0.262500
0.251000 0.262750
0.252000 0.263000
0.253000 0.263250
0.254000 0.263500
0.255000 0.263750
0.256000 0.264000
0.257000 0.264250
0.258000 0.264500
0.259000 0.264750
0.260000 0.265000
0.261000 0.265250
0.262000 0.265500
0.263000 0.265750
0.264000 0.266000
0.265000 0.266250
0.266000 0.266500
0.267000 0.266750
0.268000 0.267000
0.269000 0.267250
0.270000 0.267500
0.271000 0.267750
0.272000 0.268000
0.273000 0.268250
0.274000 0.268500
0.275000 0.268750
0.276000 0.269000
0.277000 0.269250
0.278000 0.269500
0.279000 0.269750
0.280000 0.270000
0.281000 0.270250
0.282000 0.270500
0.283000 0.270750
0.284000 0.271000
0.285000 0.271250
0.286000 0.271500
0.287000 0.271750
0.288000 0.272000
0.289000 0.272250
0.290000 0.272500
0.291000 0.272750
0.292000 0.273000
0.293000 0.273250
0.294000 0.273500
0.295000 0.273750
0.296000 0.274000
0.297000 0.274250
0.298000 0.274500
0.299000 0.274750
0.300000 0.275000
0.301000 0.275250
0.302000 0.275500
0.303000 0.275750
0.304000 0.276000
0.305000 0.276250
0.306000 0.276500
0.307000 0.276750
0.308000 0.277000
0.309000 0.277250
0.310000 0.277500
0.311000 0.277750
0.312000 0.278000
0.313000 0.278250
0.314000 0.278500
0.315000 0.278750
0.316000 0.279000
0.317000 0.279250
0.318000 0.279500
0.319000 0.279750
0.320000 0.280000
0.321000 0.280250
0.322000 0.280500
0.323000 0.280750
0.324000 0.281000
0.325000 0.281250
0.326000 0.281500
0.327000 0.281750
0.328000 0.282000
0.329000 0.282250
0.330000 0.282500
0.331000 0.282750
0.332000 0.283000
0.333000 0.283250
0.334000 0.283500
0.335000 0.283750
0.336000 0.284000
0.337000 0.284250
0.338000 0.284500
0.339000 0.284750
0.340000 0.285000
0.341000 0.285250
0.342000 0.285500
0.343000 0.285750
0.344000 0.286000
0.345000 0.286250
0.346000 0.286500
0.347000 0.286750
0.348000 0.287000
0.349000 0.287250
0.350000 0.287500
0.351000 0.287750
0.352000 0.288000
0.353000 0.288250
0.354000 0.288500
0.355000 0.288750
0.356000 0.289000
0.357000 0.289250
0.358000 0.289500
0.359000 0.289750
0.360000 0.290000
0.361000 0.290250
0.362000 0.290500
0.363000 0.290750
0.364000 0.291000
0.365000 0.291250
0.366000 0.291500
0.367000 0.291750
0.368000 0.292000
0.369000 0.292250
0.370000 0.292500
0.371000 0.292750
0.372000 0.293000
0.373000 0.293250
0.374000 0.293500
0.375000 0.293750
0.376000 0.294000
0.377000 0.294250
0.378000 0.294500
0.379000 0.294750
0.380000 0.295000
0.381000 0.295250
0.382000 0.295500
0.383000 0.295750
0.384000 0.296000
0.385000 0.296250
0.386000 0.296500
0.387000 0.296750
0.388000 0.297000
0.389000 0.297250
0.390000 0.297500
0.391000 0.297750
0.392000 0.298000
0.393000 0.298250
0.394000 0.298500
0.395000 0.298750
0.396000 0.299000
0.397000 0.299250
0.398000 0.299500
0.399000 0.299750
0.400000 0.300000
0.401000 0.300250
0.402000 0.300500
0.403000 0.300750
0.404000 0.301000
0.405000 0.301250
0.406000 0.301500
0.407000 0.301750
0.408000 0.302000
0.409000 0.302250
0.410000 0.302500
0.411000 0.302750
0.412000 0.303000
0.413000 0.303250
0.414000 0.303500
0.415000 0.303750
0.416000 0.304000
0.417000 0.304250
0.418000 0.304500
0.419000 0.304750
0.420000 0.305000
0.421000 0.305250
0.422000 0.305500
0.423000 0.305750
0.424000 0.306000
0.425000 0.306250
0.426000 0.306500
0.427000 0.306750
0.428000 0.307000
0.429000 0.307250
0.430000 0.307500
0.431000 0.307750
0.432000 0.308000
0.433000 0.308250
0.434000 0.308500
0.435000 0.308750
0.436000 0.309000
0.437000 0.309250
0.438000 0.309500
0.439000 0.309750
0.440000 0.310000
0.441000 0.310250
0.442000 0.310500
0.443000 0.310750
0.444000 0.311000
0.445000 0.311250
0.446000 0.311500
0.447000 0.311750
0.448000 0.312000
0.449000 0.312250
0.450000 0.312500
0.451000 0.312750
0.452000 0.313000
0.453000 0.313250
0.454000 0.313500
0.455000 0.313750
0.456000 0.314000
0.457000 0.314250
0.458000 0.314500
0.459000 0.314750
0.460000 0.315000
0.461000 0.315250
0.462000 0.315500
0.463000 0.315750
0.464000 0.316000
0.465000 0.316250
0.466000 0.316500
0.467000 0.316750
0.468000 0.317000
0.469000 0.317250
0.470000 0.317500
0.471000 0.317750
0.472000 0.318000
0.473000 0.318250
0.474000 0.318500
0.475000 0.318750
0.476000 0.319000
0.477000 0.319250
0.478000 0.319500
0.479000 0.319750
0.480000 0.320000
0.481000 0.320250
0.482000 0.320500
0.483000 0.320750
0.484000 0.321000
0.485000 0.321250
0.486000 0.321500
0.487000 0.321750
0.488000 0.322000
0.489000 0.322250
0.490000 0.322500
0.491000 0.322750
0.492000 0.323000
0.493000 0.323250
0.494000 0.323500
0.495000 0.323750
0.496000 0.324000
0.497000 0.324250
0.498000 0.324500
0.499000 0.324750
0.500000 0.325000
0.501000 0.325250
0.502000 0.325500
0.503000 0.325750
0.504000 0.326000
0.505000 0.326250
0.506000 0.326500
0.507000 0.326750
0.508000 0.327000
0.509000 0.327250
0.510000 0.327500
0.511000 0.327750
0.512000 0.328000
0.513000 0.328250
0.514000 0.328500
0.515000 0.328750
0.516000 0.329000
0.517000 0.329250
0.518000 0.329500
0.519000 0.329750
0.520000 0.330000
0.521000 0.330250
0.522000 0.330500
0.523000 0.330750
0.524000 0.331000
0.525000 0.331250
0.526000 0.331500
0.527000 0.331750
0.528000 0.332000
0.529000 0.332250
0.530000 0.332500
0.531000 0.332750
0.532000 0.333000
0.533000 0.333250
0.534000 0.333500
0.535000 0.333750
0.536000 0.334000
0.537000 0.334250
0.538000 0.334500
0.539000 0.334750
0.540000 0.335000
0.541000 0.335250
0.542000 0.335500
0.543000 0.335750
0.544000 0.336000
0.545000 0.336250
0.546000 0.336500
0.547000 0.336750
0.548000 0.337000
0.549000 0.337250
0.550000 0.337500
0.551000 0.337750
0.552000 0.338000
0.553000 0.338250
0.554000 0.338500
0.555000 0.338750
0.556000 0.339000
0.557000 0.339250
0.558000 0.339500
0.559000 0.339750
0.560000 0.340000
0.561000 0.340250
0.562000 0.340500
0.563000 0.340750
0.564000 0.341000
0.565000 0.341250
0.566000 0.341500
0.567000 0.341750
0.568000 0.342000
0.569000 0.342250
0.570000 0.342500
0.571000 0.342750
0.572000 0.343000
0.573000 0.343250
0.574000 0.343500
0.575000 0.343750
0.576000 0.344000
0.577000 0.344250
0.578000 0.344500
0.579000 0.344750
0.580000 0.345000
0.581000 0.345250
0.582000 0.345500
0.583000 0.345750
0.584000 0.346000
0.585000 0.346250
0.586000 0.346500
0.587000 0.346750
0.588000 0.347000
0.589000 0.347250
0.590000 0.347500
0.591000 0.347750
0.592000 0.348000
0.593000 0.348250
0.594000 0.348500
0.595000 0.348750
0.596000 0.349000
0.597000 0.349250
0.598000 0.349500
0.599000 0.349750
0.600000 0.350000
0.601000 0.350250
0.602000 0.350500
0.603000 0.350750
0.604000 0.351000
0.605000 0.351250
0.606000 0.351500
0.607000 0.351750
0.608000 0.352000
0.609000 0.352250
0.610000 0.352500
0.611000 0.352750
0.612000 0.353000
0.613000 0.353250
0.614000 0.353500
0.615000 0.353750
0.616000 0.354000
0.617000 0.354250
0.618000 0.354500
0.619000 0.354750
0.620000 0.355000
0.621000 0.355250
0.622000 0.355500
0.623000 0.355750
0.624000 0.356000
0.625000 0.356250
0.626000 0.356500
0.627000 0.356750
0.628000 0.357000
0.629000 0.357250
0.630000 0.357500
0.631000 0.357750
0.632000 0.358000
0.633000 0.358250
0.634000 0.358500
0.635000 0.358750
0.636000 0.359000
0.637000 0.359250
0.638000 0.359500
0.639000 0.359750
0.640000 0.360000
0.641000 0.360250
0.642000 0.360500
0.643000 0.360750
0.644000 0.361000
0.645000 0.361250
0.646000 0.361500
0.647000 0.361750
0.648000 0.362000
0.649000 0.362250
0.650000 0.362500
0.651000 0.362750
0.652000 0.363000
0.653000 0.363250
0.654000 0.363500
0.655000 0.363750
0.656000 0.364000
0.657000 0.364250
0.658000 0.364500
0.659000 0.364750
0.660000 0.365000
0.661000 0.365250
0.662000 0.365500
0.663000 0.365750
0.664000 0.366000
0.665000 0.366250
0.666000 0.366500
0.667000 0.366750
0.668000 0.367000
0.669000 0.367250
0.670000 0.367500
0.671000 0.367750
0.672000 0.368000
0.673000 0.368250
0.674000 0.368500
0.675000 0.368750
0.676000 0.369000
0.677000 0.369250
0.678000 0.369500
0.679000 0.369750
0.680000 0.370000
0.681000 0.370250
0.682000 0.370500
0.683000 0.370750
0.684000 0.371000
0.685000 0.371250
0.686000 0.371500
0.687000 0.371750
0.688000 0.372000
0.689000 0.372250
0.690000 0.372500
0.691000 0.372750
0.692000 0.373000
0.693000 0.373250
0.694000 0.373500
0.695000 0.373750
0.696000 0.374000
0.697000 0.374250
0.698000 0.374500
0.699000 0.374750
0.700000 0.375000
0.701000 0.375250
0.702000 0.375500
0.703000 0.375750
0.704000 0.376000
0.705000 0.376250
0.706000 0.376500
0.707000 0.376750
0.708000 0.377000
0.709000 0.377250
0.710000 0.377500
0.711000 0.377750
0.712000 0.378000
0.713000 0.378250
0.714000 0.378500
0.715000 0.378750
0.716000 0.379000
0.717000 0.379250
0.718000 0.379500
0.719000 0.379750
0.720000 0.380000
0.721000 0.380250
0.722000 0.380500
0.723000 0.380750
0.724000 0.381000
0.725000 0.381250
0.726000 0.381500
0.727000 0.381750
0.728000 0.382000
0.729000 0.382250
0.730000 0.382500
0.731000 0.382750
0.732000 0.383000
0.733000 0.383250
0.734000 0.383500
0.735000 0.383750
0.736000 0.384000
0.737000 0.384250
0.738000 0.384500
0.739000 0.384750
0.740000 0.385000
0.741000 0.385250
0.742000 0.385500
0.743000 0.385750
0.744000 0.386000
0.745000 0.386250
0.746000 0.386500
0.747000 0.386750
0.748000 0.387000
0.749000 0.387250
0.750000 0.387500
0.751000 0.387750
0.752000 0.388000
0.753000 0.388250
0.754000 0.388500
0.755000 0.388750
0.756000 0.389000
0.757000 0.389250
0.758000 0.389500
0.759000 0.389750
0.760000 0.390000
0.761000 0.390250
0.762000 0.390500
0.763000 0.390750
0.764000 0.391000
0.765000 0.391250
0.766000 0.391500
0.767000 0.391750
0.768000 0.392000
0.769000 0.392250
0.770000 0.392500
0.771000 0.392750
0.772000 0.393000
0.773000 0.393250
0.774000 0.393500
0.775000 0.393750
0.776000 0.394000
0.777000 0.394250
0.778000 0.394500
0.779000 0.394750
0.780000 0.395000
0.781000 0.395250
0.782000 0.395500
0.783000 0.395750
0.784000 0.396000
0.785000 0.396250
0.786000 0.396500
0.787000 0.396750
0.788000 0.397000
0.789000 0.397250
0.790000 0.397500
0.791000 0.397750
0.792000 0.398000
0.793000 0.398250
0.794000 0.398500
0.795000 0.398750
0.796000 0.399000
0.797000 0.399250
0.798000 0.399500
0.799000 0.399750
0.800000 0.400000
0.801000 0.400250
0.802000 0.400500
0.803000 0.400750
0.804000 0.401000
0.805000 0.401250
0.806000 0.401500
0.807000 0.401750
0.808000 0.402000
0.809000 0.402250
0.810000 0.402500
0.811000 0.402750
0.812000 0.403000
0.813000 0.403250
0.814000 0.403500
0.815000 0.403750
0.816000 0.404000
0.817000 0.404250
0.818000 0.404500
0.819000 0.404750
0.820000 0.405000
0.821000 0.405250
0.822000 0.405500
0.823000 0.405750
0.824000 0.406000
0.825000 0.406250
0.826000 0.406500
0.827000 0.406750
0.828000 0.407000
0.829000 0.407250
0.830000 0.407500
0.831000 0.407750
0.832000 0.408000
0.833000 0.408250
0.834000 0.408500
0.835000 0.408750
0.836000 0.409000
0.837000 0.409250
0.838000 0.409500
0.839000 0.409750
0.840000 0.410000
0.841000 0.410250
0.842000 0.410500
0.843000 0.410750
0.844000 0.411000
0.845000 0.411250
0.846000 0.411500
0.847000 0.411750
0.848000 0.412000
0.849000 0.412250
0.850000 0.412500
0.851000 0.412750
0.852000 0.413000
0.853000 0.413250
0.854000 0.413500
0.855000 0.413750
0.856000 0.414000
0.857000 0.414250
0.858000 0.414500
0.859000 0.414750
0.860000 0.415000
0.861000 0.415250
0.862000 0.415500
0.863000 0.415750
0.864000 0.416000
0.865000 0.416250
0.866000 0.416500
0.867000 0.416750
0.868000 0.417000
0.869000 0.417250
0.870000 0.417500
0.871000 0.417750
0.872000 0.418000
0.873000 0.418250
0.874000 0.418500
0.875000 0.418750
0.876000 0.419000
0.877000 0.419250
0.878000 0.419500
0.879000 0.419750
0.880000 0.420000
0.881000 0.420250
0.882000 0.420500
0.883000 0.420750
0.884000 0.421000
0.885000 0.421250
0.886000 0.421500
0.887000 0.421750
0.888000 0.422000
0.889000 0.422250
0.890000 0.422500
0.891000 0.422750
0.892000 0.423000
0.893000 0.423250
0.894000 0.423500
0.895000 0.423750
0.896000 0.424000
0.897000 0.424250
0.898000 0.424500
0.899000 0.424750
0.900000 0.425000
0.901000 0.425250
0.902000 0.425500
0.903000 0.425750
0.904000 0.426000
0.905000 0.426250
0.906000 0.426500
0.907000 0.426750
0.908000 0.427000
0.909000 0.427250
0.910000 0.427500
0.911000 0.427750
0.912000 0.428000
0.913000 0.428250
0.914000 0.428500
0.915000 0.428750
0.916000 0.429000
0.917000 0.429250
0.918000 0.429500
0.919000 0.429750
0.920000 0.430000
0.921000 0.430250
0.922000 0.430500
0.923000 0.430750
0.924000 0.431000
0.925000 0.431250
0.926000 0.431500
0.927000 0.431750
0.928000 0.432000
0.929000 0.432250
0.930000 0.432500
0.931000 0.432750
0.932000 0.433000
0.933000 0.433250
0.934000 0.433500
0.935000 0.433750
0.936000 0.434000
0.937000 0.434250
0.938000 0.434500
0.939000 0.434750
0.940000 0.435000
0.941000 0.435250
0.942000 0.435500
0.943000 0.435750
0.944000 0.436000
0.945000 0.436250
0.946000 0.436500
0.947000 0.436750
0.948000 0.437000
0.949000 0.437250
0.950000 0.437500
0.951000 0.437750
0.952000 0.438000
0.953000 0.438250
0.954000 0.438500
0.955000 0.438750
0.956000 0.439000
0.957000 0.439250
0.958000 0.439500
0.959000 0.439750
0.960000 0.440000
0.961000 0.440250
0.962000 0.440500
0.963000 0.440750
0.964000 0.441000
0.965000 0.441250
0.966000 0.441500
0.967000 0.441750
0.968000 0.442000
0.969000 0.442250
0.970000 0.442500
0.971000 0.442750
0.972000 0.443000
0.973000 0.443250
0.974000 0.443500
0.975000 0.443750
0.976000 0.444000
0.977000 0.444250
0.978000 0.444500
0.979000 0.444750
0.980000 0.445000
0.981000 0.445250
0.982000 0.445500
0.983000 0.445750
0.984000 0.446000
0.985000 0.446250
0.986000 0.446500
0.987000 0.446750
0.988000 0.447000
0.989000 0.447250
0.990000 0.447500
0.991000 0.447750
0.992000 0.448000
0.993000 0.448250
0.994000 0.448500
0.995000 0.448750
0.996000 0.449000
0.997000 0.449250
0.998000 0.449500
0.999000 0.449750
1.000000 0.450000
